  seq: 25 shapes x 3 reps
  fp32: 25 shapes x 3 reps
  tf32: 25 shapes x 3 reps
  H    d   tok  seq perm |    seq_us   fp32_us   tf32_us | fp32/seq tf32/seq tf32vfp32  verdict
-----------------------------------------------------------------------------------------------
  4  128    64    1    0 |      33.5      33.7      33.4 |     1.01     1.00      0.99  TF32 WINS
  4  128   256    1    0 |     124.5     125.5     123.8 |     1.01     0.99      0.99  TF32 WINS
  4  128   512    1    0 |     245.0     246.6     245.4 |     1.01     1.00      1.00  parity
  4  128  1024    1    0 |     647.8     927.3     737.1 |     1.43     1.14      0.79  slower
 16   64     1    1    0 |       2.2       2.2       2.2 |     1.00     0.98      0.98  TF32 WINS
 32  128     1    1    0 |       4.5       4.5       4.4 |     0.99     0.98      0.98  TF32 WINS
 32  128    64    1    0 |     111.6     113.6     112.1 |     1.02     1.00      0.99  parity
 32  128   256    1    0 |     427.5     432.5     431.7 |     1.01     1.01      1.00  parity
 32  128   512    1    0 |     887.1     872.7     876.0 |     0.98     0.99      1.00  TF32 WINS
 32  128   512    2    0 |    1527.7    1533.7    1539.8 |     1.00     1.01      1.00  parity
 32  128   512    4    0 |    3085.8    3057.8    3073.3 |     0.99     1.00      1.01  TF32 WINS
 32  128   512    8    0 |    6345.2    6388.2    6296.1 |     1.01     0.99      0.99  TF32 WINS
 32  128  1024    1    0 |    1794.6    2225.4    1853.3 |     1.24     1.03      0.83  parity
 32  128  2048    1    0 |    3573.2    4358.0    3616.5 |     1.22     1.01      0.83  parity
 32  128  2048    2    0 |    6226.0    8758.3    7127.4 |     1.41     1.14      0.81  slower
 32  128  2048    4    0 |   12806.0   15785.0   12933.7 |     1.23     1.01      0.82  parity
 32  128  4096    1    0 |    7192.5    8620.0    7145.4 |     1.20     0.99      0.83  TF32 WINS
 32  128  8192    1    0 |   14475.6   17166.6   14327.5 |     1.19     0.99      0.83  TF32 WINS
 48  128   512    1    0 |    1192.9    1184.0    1201.4 |     0.99     1.01      1.01  parity
 48  128  1024    1    0 |    2367.3    3319.8    2768.7 |     1.40     1.17      0.83  slower
 48  128  2048    1    0 |    4767.8    6541.6    5433.4 |     1.37     1.14      0.83  slower
 48  128  4096    1    0 |    9507.0   13020.6   10715.9 |     1.37     1.13      0.82  slower
 64  128   512    1    0 |    1549.0    1538.9    1542.1 |     0.99     1.00      1.00  TF32 WINS
 64  128  1024    1    0 |    3069.0    4357.4    3621.8 |     1.42     1.18      0.83  slower
 64  128  2048    1    0 |    6150.4    8623.3    7148.2 |     1.40     1.16      0.83  slower
